MIGPLAC5
0       1541.368507
1       2397.504418
2      22992.521739
4       4408.488797
5       2337.871801
6       6186.509300
8       5091.152630
9       4868.069031
10      4695.977155
11      9577.061137
12      4881.578115
13      2868.550735
15     28388.376289
16      3659.101059
17      4907.924057
18      3522.521250
19      3226.528939
20      3504.154279
21      2704.700085
22      2877.452978
23      4360.331957
24      4354.049892
25      5599.131823
26      4309.489455
27      4131.700295
28      2037.337935
29      4027.691813
30      5327.991663
31      3716.046011
32      9746.379928
33      4122.126761
34      4710.353102
35      3370.635524
36      5639.159380
37      3157.421756
38      3434.828660
39      3893.035188
40      3386.328438
41      5040.205055
42      3818.792421
44      4663.137120
45      2759.342554
46      3302.400849
47      2676.801495
48      3428.181371
49      3539.838862
50      4214.687046
51      3695.383238
53      5434.850840
54      2869.546257
55      3836.953607
56      5295.571117
99     18847.416667
100        0.000000
105     1209.000000
110    12681.979381
115      833.333333
Name: FWAGE1, dtype: float64
MIGPLAC5
151     7329.750847
152     3881.425220
160    17334.166667
200     9514.878319
211      500.000000
           ...     
701    26112.083333
702    99999.000000
710     9588.250000
900    16600.926056
999    13481.586515
Name: FWAGE1, Length: 73, dtype: float64
